0000	80863c00	0	               0	               0	               0	               0	               0	               0	               0	               0	               0	               0	               0	               0	               0	               0	
0008	80863c02	1a	               0	               0	               0	               0	               0	               0	               0	               0	               0	               0	               0	               0	               0	               0	
0009	80863c03	1a	               0	               0	               0	               0	               0	               0	               0	               0	               0	               0	               0	               0	               0	               0	
0010	80863c04	20	               0	               0	               0	               0	               0	               0	               0	               0	               0	               0	               0	               0	               0	               0	
0018	80863c08	28	               0	               0	               0	               0	               0	               0	               0	               0	               0	               0	               0	               0	               0	               0	
001a	80863c0a	28	               0	               0	               0	               0	               0	               0	               0	               0	               0	               0	               0	               0	               0	               0	
0020	80863c20	b	        df91c004	               0	               0	               0	               0	               0	               0	            4000	               0	               0	               0	               0	               0	               0	
0021	80863c21	a	        df918004	               0	               0	               0	               0	               0	               0	            4000	               0	               0	               0	               0	               0	               0	
0022	80863c22	5	        df914004	               0	               0	               0	               0	               0	               0	            4000	               0	               0	               0	               0	               0	               0	
0023	80863c23	b	        df910004	               0	               0	               0	               0	               0	               0	            4000	               0	               0	               0	               0	               0	               0	
0024	80863c24	b	        df90c004	               0	               0	               0	               0	               0	               0	            4000	               0	               0	               0	               0	               0	               0	
0025	80863c25	a	        df908004	               0	               0	               0	               0	               0	               0	            4000	               0	               0	               0	               0	               0	               0	
0026	80863c26	5	        df904004	               0	               0	               0	               0	               0	               0	            4000	               0	               0	               0	               0	               0	               0	
0027	80863c27	b	        df900004	               0	               0	               0	               0	               0	               0	            4000	               0	               0	               0	               0	               0	               0	
0028	80863c28	0	               0	               0	               0	               0	               0	               0	               0	               0	               0	               0	               0	               0	               0	               0	
002a	80863c2a	0	               0	               0	               0	               0	               0	               0	               0	               0	               0	               0	               0	               0	               0	               0	
002c	80863c2c	0	        df925000	               0	               0	               0	               0	               0	               0	            1000	               0	               0	               0	               0	               0	               0	
0088	80861d3e	10	               0	               0	               0	               0	               0	               0	               0	               0	               0	               0	               0	               0	               0	               0	
00b0	80861d3a	b	        fed0e004	               0	               0	               0	               0	               0	               0	              10	               0	               0	               0	               0	               0	               0	
00b1	80861d3b	a	        fed0f004	               0	               0	               0	               0	               0	               0	              10	               0	               0	               0	               0	               0	               0	
00d0	80861d2d	10	        df923000	               0	               0	               0	               0	               0	               0	             400	               0	               0	               0	               0	               0	               0	ehci_hcd
00e8	80861d26	17	        df922000	               0	               0	               0	               0	               0	               0	             400	               0	               0	               0	               0	               0	               0	ehci_hcd
00f0	8086244e	0	               0	               0	               0	               0	               0	               0	               0	               0	               0	               0	               0	               0	               0	               0	
00f8	80861d41	0	               0	               0	               0	               0	               0	               0	               0	               0	               0	               0	               0	               0	               0	               0	
00fa	80861d02	4fd	            9051	            9041	            9031	            9021	            9001	        df921000	               0	               8	               4	               8	               4	              20	             800	               0	ahci
00fb	80861d22	5	        df920004	               0	               0	               0	            1181	               0	               0	             100	               0	               0	               0	              20	               0	               0	
00fe	80861d24	5	        fed08004	               0	               0	               0	               0	               0	               0	            1000	               0	               0	               0	               0	               0	               0	
0200	80861521	1b	        df820000	               0	            8021	        df8c4000	               0	               0	               0	           20000	               0	              20	            4000	               0	               0	               0	igb
0201	80861521	1e	        df800000	               0	            8001	        df8c0000	               0	               0	               0	           20000	               0	              20	            4000	               0	               0	               0	igb
0400	808610fb	20	        df280004	               0	            7021	               0	        df704004	               0	        df200000	           80000	               0	              20	               0	            4000	               0	           80000	ixgbe
0401	808610fb	24	        df180004	               0	            7001	               0	        df700004	               0	        df100000	           80000	               0	              20	               0	            4000	               0	           80000	ixgbe
0800	80861d6b	b	        de47c00c	               0	        de00000c	               0	            6001	               0	               0	            4000	               0	          400000	               0	             100	               0	               0	
0908	102b0532	b	        dd000008	        df000000	        de800000	               0	               0	               0	               2	         1000000	            4000	          800000	               0	               0	               0	               0	
7f40	80863c80	0	               0	               0	               0	               0	               0	               0	               0	               0	               0	               0	               0	               0	               0	               0	
7f43	80863c83	0	               0	               0	               0	               0	               0	               0	               0	               0	               0	               0	               0	               0	               0	               0	
7f44	80863c84	0	               0	               0	               0	               0	               0	               0	               0	               0	               0	               0	               0	               0	               0	               0	
7f48	80863c90	0	               0	               0	               0	               0	               0	               0	               0	               0	               0	               0	               0	               0	               0	               0	
7f4b	80863c93	0	               0	               0	               0	               0	               0	               0	               0	               0	               0	               0	               0	               0	               0	               0	
7f4c	80863c94	0	               0	               0	               0	               0	               0	               0	               0	               0	               0	               0	               0	               0	               0	               0	
7f50	80863cc0	0	               0	               0	               0	               0	               0	               0	               0	               0	               0	               0	               0	               0	               0	               0	
7f51	80863cc1	0	               0	               0	               0	               0	               0	               0	               0	               0	               0	               0	               0	               0	               0	               0	
7f52	80863cc2	0	               0	               0	               0	               0	               0	               0	               0	               0	               0	               0	               0	               0	               0	               0	
7f53	80863cd0	0	               0	               0	               0	               0	               0	               0	               0	               0	               0	               0	               0	               0	               0	               0	
7f58	80863ce0	0	               0	               0	               0	               0	               0	               0	               0	               0	               0	               0	               0	               0	               0	               0	
7f5b	80863ce3	0	               0	               0	               0	               0	               0	               0	               0	               0	               0	               0	               0	               0	               0	               0	
7f60	80863ce8	0	               0	               0	               0	               0	               0	               0	               0	               0	               0	               0	               0	               0	               0	               0	
7f61	80863ce8	0	               0	               0	               0	               0	               0	               0	               0	               0	               0	               0	               0	               0	               0	               0	
7f62	80863ce8	0	               0	               0	               0	               0	               0	               0	               0	               0	               0	               0	               0	               0	               0	               0	
7f63	80863ce8	0	               0	               0	               0	               0	               0	               0	               0	               0	               0	               0	               0	               0	               0	               0	
7f66	80863cf4	0	               0	               0	               0	               0	               0	               0	               0	               0	               0	               0	               0	               0	               0	               0	
7f67	80863cf6	0	               0	               0	               0	               0	               0	               0	               0	               0	               0	               0	               0	               0	               0	               0	
7f68	80863ce8	0	               0	               0	               0	               0	               0	               0	               0	               0	               0	               0	               0	               0	               0	               0	
7f69	80863ce8	0	               0	               0	               0	               0	               0	               0	               0	               0	               0	               0	               0	               0	               0	               0	
7f6a	80863ce8	0	               0	               0	               0	               0	               0	               0	               0	               0	               0	               0	               0	               0	               0	               0	
7f6b	80863ce8	0	               0	               0	               0	               0	               0	               0	               0	               0	               0	               0	               0	               0	               0	               0	
7f6e	80863cf5	0	               0	               0	               0	               0	               0	               0	               0	               0	               0	               0	               0	               0	               0	               0	
7f70	80863ca0	0	               0	               0	               0	               0	               0	               0	               0	               0	               0	               0	               0	               0	               0	               0	
7f71	80863c46	0	               0	               0	               0	               0	               0	               0	               0	               0	               0	               0	               0	               0	               0	               0	
7f78	80863ca8	0	               0	               0	               0	               0	               0	               0	               0	               0	               0	               0	               0	               0	               0	               0	
7f79	80863c71	0	               0	               0	               0	               0	               0	               0	               0	               0	               0	               0	               0	               0	               0	               0	
7f7a	80863caa	0	               0	               0	               0	               0	               0	               0	               0	               0	               0	               0	               0	               0	               0	               0	
7f7b	80863cab	0	               0	               0	               0	               0	               0	               0	               0	               0	               0	               0	               0	               0	               0	               0	
7f7c	80863cac	0	               0	               0	               0	               0	               0	               0	               0	               0	               0	               0	               0	               0	               0	               0	
7f7d	80863cad	0	               0	               0	               0	               0	               0	               0	               0	               0	               0	               0	               0	               0	               0	               0	
7f7e	80863cae	0	               0	               0	               0	               0	               0	               0	               0	               0	               0	               0	               0	               0	               0	               0	
7f80	80863cb0	0	               0	               0	               0	               0	               0	               0	               0	               0	               0	               0	               0	               0	               0	               0	
7f81	80863cb1	0	               0	               0	               0	               0	               0	               0	               0	               0	               0	               0	               0	               0	               0	               0	
7f82	80863cb2	0	               0	               0	               0	               0	               0	               0	               0	               0	               0	               0	               0	               0	               0	               0	
7f83	80863cb3	0	               0	               0	               0	               0	               0	               0	               0	               0	               0	               0	               0	               0	               0	               0	
7f84	80863cb4	0	               0	               0	               0	               0	               0	               0	               0	               0	               0	               0	               0	               0	               0	               0	
7f85	80863cb5	0	               0	               0	               0	               0	               0	               0	               0	               0	               0	               0	               0	               0	               0	               0	
7f86	80863cb6	0	               0	               0	               0	               0	               0	               0	               0	               0	               0	               0	               0	               0	               0	               0	
7f87	80863cb7	0	               0	               0	               0	               0	               0	               0	               0	               0	               0	               0	               0	               0	               0	               0	
7f88	80863cb8	0	               0	               0	               0	               0	               0	               0	               0	               0	               0	               0	               0	               0	               0	               0	
7f98	80863ce4	0	               0	               0	               0	               0	               0	               0	               0	               0	               0	               0	               0	               0	               0	               0	
7f99	80863c43	0	               0	               0	               0	               0	               0	               0	               0	               0	               0	               0	               0	               0	               0	               0	
7f9c	80863ce6	0	               0	               0	               0	               0	               0	               0	               0	               0	               0	               0	               0	               0	               0	               0	
7f9d	80863c44	0	               0	               0	               0	               0	               0	               0	               0	               0	               0	               0	               0	               0	               0	               0	
7f9e	80863c45	0	               0	               0	               0	               0	               0	               0	               0	               0	               0	               0	               0	               0	               0	               0	
8010	80863c04	38	               0	               0	               0	               0	               0	               0	               0	               0	               0	               0	               0	               0	               0	               0	
8018	80863c08	40	               0	               0	               0	               0	               0	               0	               0	               0	               0	               0	               0	               0	               0	               0	
8020	80863c20	b	        fbf1c004	               0	               0	               0	               0	               0	               0	            4000	               0	               0	               0	               0	               0	               0	
8021	80863c21	a	        fbf18004	               0	               0	               0	               0	               0	               0	            4000	               0	               0	               0	               0	               0	               0	
8022	80863c22	5	        fbf14004	               0	               0	               0	               0	               0	               0	            4000	               0	               0	               0	               0	               0	               0	
8023	80863c23	b	        fbf10004	               0	               0	               0	               0	               0	               0	            4000	               0	               0	               0	               0	               0	               0	
8024	80863c24	b	        fbf0c004	               0	               0	               0	               0	               0	               0	            4000	               0	               0	               0	               0	               0	               0	
8025	80863c25	a	        fbf08004	               0	               0	               0	               0	               0	               0	            4000	               0	               0	               0	               0	               0	               0	
8026	80863c26	5	        fbf04004	               0	               0	               0	               0	               0	               0	            4000	               0	               0	               0	               0	               0	               0	
8027	80863c27	b	        fbf00004	               0	               0	               0	               0	               0	               0	            4000	               0	               0	               0	               0	               0	               0	
8028	80863c28	0	               0	               0	               0	               0	               0	               0	               0	               0	               0	               0	               0	               0	               0	               0	
802a	80863c2a	0	               0	               0	               0	               0	               0	               0	               0	               0	               0	               0	               0	               0	               0	               0	
802c	80863c2c	0	        fbf20000	               0	               0	               0	               0	               0	               0	            1000	               0	               0	               0	               0	               0	               0	
ff40	80863c80	0	               0	               0	               0	               0	               0	               0	               0	               0	               0	               0	               0	               0	               0	               0	
ff43	80863c83	0	               0	               0	               0	               0	               0	               0	               0	               0	               0	               0	               0	               0	               0	               0	
ff44	80863c84	0	               0	               0	               0	               0	               0	               0	               0	               0	               0	               0	               0	               0	               0	               0	
ff48	80863c90	0	               0	               0	               0	               0	               0	               0	               0	               0	               0	               0	               0	               0	               0	               0	
ff4b	80863c93	0	               0	               0	               0	               0	               0	               0	               0	               0	               0	               0	               0	               0	               0	               0	
ff4c	80863c94	0	               0	               0	               0	               0	               0	               0	               0	               0	               0	               0	               0	               0	               0	               0	
ff50	80863cc0	0	               0	               0	               0	               0	               0	               0	               0	               0	               0	               0	               0	               0	               0	               0	
ff51	80863cc1	0	               0	               0	               0	               0	               0	               0	               0	               0	               0	               0	               0	               0	               0	               0	
ff52	80863cc2	0	               0	               0	               0	               0	               0	               0	               0	               0	               0	               0	               0	               0	               0	               0	
ff53	80863cd0	0	               0	               0	               0	               0	               0	               0	               0	               0	               0	               0	               0	               0	               0	               0	
ff58	80863ce0	0	               0	               0	               0	               0	               0	               0	               0	               0	               0	               0	               0	               0	               0	               0	
ff5b	80863ce3	0	               0	               0	               0	               0	               0	               0	               0	               0	               0	               0	               0	               0	               0	               0	
ff60	80863ce8	0	               0	               0	               0	               0	               0	               0	               0	               0	               0	               0	               0	               0	               0	               0	
ff61	80863ce8	0	               0	               0	               0	               0	               0	               0	               0	               0	               0	               0	               0	               0	               0	               0	
ff62	80863ce8	0	               0	               0	               0	               0	               0	               0	               0	               0	               0	               0	               0	               0	               0	               0	
ff63	80863ce8	0	               0	               0	               0	               0	               0	               0	               0	               0	               0	               0	               0	               0	               0	               0	
ff66	80863cf4	0	               0	               0	               0	               0	               0	               0	               0	               0	               0	               0	               0	               0	               0	               0	
ff67	80863cf6	0	               0	               0	               0	               0	               0	               0	               0	               0	               0	               0	               0	               0	               0	               0	
ff68	80863ce8	0	               0	               0	               0	               0	               0	               0	               0	               0	               0	               0	               0	               0	               0	               0	
ff69	80863ce8	0	               0	               0	               0	               0	               0	               0	               0	               0	               0	               0	               0	               0	               0	               0	
ff6a	80863ce8	0	               0	               0	               0	               0	               0	               0	               0	               0	               0	               0	               0	               0	               0	               0	
ff6b	80863ce8	0	               0	               0	               0	               0	               0	               0	               0	               0	               0	               0	               0	               0	               0	               0	
ff6e	80863cf5	0	               0	               0	               0	               0	               0	               0	               0	               0	               0	               0	               0	               0	               0	               0	
ff70	80863ca0	0	               0	               0	               0	               0	               0	               0	               0	               0	               0	               0	               0	               0	               0	               0	
ff71	80863c46	0	               0	               0	               0	               0	               0	               0	               0	               0	               0	               0	               0	               0	               0	               0	
ff78	80863ca8	0	               0	               0	               0	               0	               0	               0	               0	               0	               0	               0	               0	               0	               0	               0	
ff79	80863c71	0	               0	               0	               0	               0	               0	               0	               0	               0	               0	               0	               0	               0	               0	               0	
ff7a	80863caa	0	               0	               0	               0	               0	               0	               0	               0	               0	               0	               0	               0	               0	               0	               0	
ff7b	80863cab	0	               0	               0	               0	               0	               0	               0	               0	               0	               0	               0	               0	               0	               0	               0	
ff7c	80863cac	0	               0	               0	               0	               0	               0	               0	               0	               0	               0	               0	               0	               0	               0	               0	
ff7d	80863cad	0	               0	               0	               0	               0	               0	               0	               0	               0	               0	               0	               0	               0	               0	               0	
ff7e	80863cae	0	               0	               0	               0	               0	               0	               0	               0	               0	               0	               0	               0	               0	               0	               0	
ff80	80863cb0	0	               0	               0	               0	               0	               0	               0	               0	               0	               0	               0	               0	               0	               0	               0	
ff81	80863cb1	0	               0	               0	               0	               0	               0	               0	               0	               0	               0	               0	               0	               0	               0	               0	
ff82	80863cb2	0	               0	               0	               0	               0	               0	               0	               0	               0	               0	               0	               0	               0	               0	               0	
ff83	80863cb3	0	               0	               0	               0	               0	               0	               0	               0	               0	               0	               0	               0	               0	               0	               0	
ff84	80863cb4	0	               0	               0	               0	               0	               0	               0	               0	               0	               0	               0	               0	               0	               0	               0	
ff85	80863cb5	0	               0	               0	               0	               0	               0	               0	               0	               0	               0	               0	               0	               0	               0	               0	
ff86	80863cb6	0	               0	               0	               0	               0	               0	               0	               0	               0	               0	               0	               0	               0	               0	               0	
ff87	80863cb7	0	               0	               0	               0	               0	               0	               0	               0	               0	               0	               0	               0	               0	               0	               0	
ff88	80863cb8	0	               0	               0	               0	               0	               0	               0	               0	               0	               0	               0	               0	               0	               0	               0	
ff98	80863ce4	0	               0	               0	               0	               0	               0	               0	               0	               0	               0	               0	               0	               0	               0	               0	
ff99	80863c43	0	               0	               0	               0	               0	               0	               0	               0	               0	               0	               0	               0	               0	               0	               0	
ff9c	80863ce6	0	               0	               0	               0	               0	               0	               0	               0	               0	               0	               0	               0	               0	               0	               0	
ff9d	80863c44	0	               0	               0	               0	               0	               0	               0	               0	               0	               0	               0	               0	               0	               0	               0	
ff9e	80863c45	0	               0	               0	               0	               0	               0	               0	               0	               0	               0	               0	               0	               0	               0	               0	
